source    	det       	active    	amplitude 	phase     	
1         	2         	1         	0.00303766	27.5185   	
1         	3         	1         	0.000108046	47.574    	
1         	4         	1         	7.81079e-006	66.4918   	
1         	5         	1         	8.35034e-007	83.5735   	
1         	6         	1         	1.56143e-007	97.9765   	
1         	7         	1         	4.00548e-008	108.887   	
1         	8         	1         	1.67617e-008	115.509   	
1         	9         	1         	1.11682e-008	117.919   	
1         	10        	1         	1.15136e-008	116.126   	
1         	11        	1         	1.89799e-008	109.909   	
1         	12        	1         	5.24184e-008	98.3936   	
1         	13        	1         	3.04269e-007	81.3196   	
1         	14        	1         	3.1726e-006	63.0133   	
1         	15        	1         	6.8595e-005	46.262    	
1         	16        	1         	0.0022289 	28.7432   	
2         	3         	1         	0.00291017	27.7561   	
2         	4         	1         	0.000105628	47.8529   	
2         	5         	1         	7.11313e-006	66.9304   	
2         	6         	1         	8.80885e-007	84.1766   	
2         	7         	1         	1.50673e-007	98.76     	
2         	8         	1         	4.21441e-008	109.565   	
2         	9         	1         	1.88246e-008	116.209   	
2         	10        	1         	1.32005e-008	118.21    	
2         	11        	1         	1.43875e-008	115.826   	
2         	12        	1         	2.26011e-008	109.711   	
2         	13        	1         	5.81674e-008	98.6151   	
2         	14        	1         	2.91382e-007	80.8744   	
2         	15        	1         	4.37296e-006	63.7476   	
2         	16        	1         	8.58193e-005	47.9741   	
2         	1         	1         	0.00237639	28.6413   	
3         	4         	1         	0.00294965	27.7289   	
3         	5         	1         	9.72692e-005	47.9918   	
3         	6         	1         	7.44391e-006	67.1689   	
3         	7         	1         	8.27079e-007	84.4654   	
3         	8         	1         	1.50004e-007	98.8582   	
3         	9         	1         	4.25108e-008	109.943   	
3         	10        	1         	1.90827e-008	116.612   	
3         	11        	1         	1.37822e-008	118.429   	
3         	12        	1         	1.46167e-008	116.001   	
3         	13        	1         	2.249e-008	109.855   	
3         	14        	1         	4.88742e-008	97.6851   	
3         	15        	1         	4.26092e-007	80.5434   	
3         	16        	1         	6.18224e-006	66.1497   	
3         	1         	1         	8.96893e-005	48.6064   	
3         	2         	1         	0.00239163	28.6755   	
4         	5         	1         	0.00267996	27.86     	
4         	6         	1         	0.000100375	48.237    	
4         	7         	1         	6.92928e-006	67.4176   	
4         	8         	1         	8.21919e-007	84.3894   	
4         	9         	1         	1.49759e-007	98.9673   	
4         	10        	1         	4.23254e-008	109.972   	
4         	11        	1         	1.92692e-008	116.548   	
4         	12        	1         	1.34264e-008	118.429   	
4         	13        	1         	1.39416e-008	115.961   	
4         	14        	1         	1.5962e-008	109.729   	
4         	15        	1         	6.4176e-008	95.5723   	
4         	16        	1         	6.96666e-007	82.4585   	
4         	1         	1         	6.73466e-006	67.2299   	
4         	2         	1         	9.00129e-005	48.688    	
4         	3         	1         	0.0024246 	28.5472   	
5         	6         	1         	0.00285969	28.0207   	
5         	7         	1         	9.67865e-005	48.405    	
5         	8         	1         	7.16717e-006	67.2166   	
5         	9         	1         	8.48143e-007	84.375    	
5         	10        	1         	1.53918e-007	98.8321   	
5         	11        	1         	4.38191e-008	109.78    	
5         	12        	1         	1.91835e-008	116.483   	
5         	13        	1         	1.32826e-008	118.135   	
5         	14        	1         	9.53214e-009	116.21    	
5         	15        	1         	1.56442e-008	108.125   	
5         	16        	1         	1.16006e-007	96.6321   	
5         	1         	1         	7.9735e-007	84.1736   	
5         	2         	1         	6.71369e-006	67.7024   	
5         	3         	1         	8.97961e-005	48.8392   	
5         	4         	1         	0.00239223	28.7583   	
6         	7         	1         	0.0024348 	28.5763   	
6         	8         	1         	9.06257e-005	48.603    	
6         	9         	1         	6.7378e-006	67.5797   	
6         	10        	1         	8.0417e-007	84.5466   	
6         	11        	1         	1.48407e-007	98.8906   	
6         	12        	1         	4.11951e-008	109.917   	
6         	13        	1         	1.86584e-008	116.072   	
6         	14        	1         	9.12577e-009	117.801   	
6         	15        	1         	6.66707e-009	116.162   	
6         	16        	1         	2.84436e-008	107.572   	
6         	1         	1         	1.41952e-007	98.1904   	
6         	2         	1         	8.00886e-007	84.5263   	
6         	3         	1         	6.75265e-006	67.5432   	
6         	4         	1         	9.03482e-005	48.7392   	
6         	5         	1         	0.00234105	28.5282   	
7         	8         	1         	0.0023767 	28.6586   	
7         	9         	1         	8.88518e-005	48.8326   	
7         	10        	1         	6.68683e-006	67.6101   	
7         	11        	1         	8.10475e-007	84.4851   	
7         	12        	1         	1.45815e-007	98.9733   	
7         	13        	1         	4.28694e-008	109.457   	
7         	14        	1         	1.44815e-008	115.043   	
7         	15        	1         	5.63612e-009	118.375   	
7         	16        	1         	1.10618e-008	114.879   	
7         	1         	1         	3.94521e-008	108.786   	
7         	2         	1         	1.4951e-007	98.7602   	
7         	3         	1         	8.28654e-007	84.4143   	
7         	4         	1         	6.96087e-006	67.4663   	
7         	5         	1         	8.99648e-005	48.4714   	
7         	6         	1         	0.00285754	27.9565   	
8         	9         	1         	0.00224731	29.0208   	
8         	10        	1         	8.56042e-005	49.0593   	
8         	11        	1         	6.54417e-006	67.7794   	
8         	12        	1         	7.7404e-007	84.8318   	
8         	13        	1         	1.49852e-007	98.8846   	
8         	14        	1         	3.50325e-008	108.369   	
8         	15        	1         	8.71255e-009	115.125   	
8         	16        	1         	6.84058e-009	118.138   	
8         	1         	1         	1.66578e-008	115.467   	
8         	2         	1         	4.23515e-008	109.597   	
8         	3         	1         	1.53346e-007	98.7633   	
8         	4         	1         	8.4633e-007	84.3601   	
8         	5         	1         	6.86845e-006	67.1714   	
8         	6         	1         	0.000108076	47.8087   	
8         	7         	1         	0.00303823	27.534    	
9         	10        	1         	0.00237853	28.6711   	
9         	11        	1         	9.01956e-005	48.6777   	
9         	12        	1         	6.65194e-006	67.5999   	
9         	13        	1         	8.43779e-007	84.3809   	
9         	14        	1         	1.35241e-007	97.468    	
9         	15        	1         	2.37981e-008	107.044   	
9         	16        	1         	7.41716e-009	116.299   	
9         	1         	1         	1.0919e-008	117.901   	
9         	2         	1         	1.85324e-008	116.311   	
9         	3         	1         	4.25004e-008	109.933   	
9         	4         	1         	1.50064e-007	99.0704   	
9         	5         	1         	7.87367e-007	84.4921   	
9         	6         	1         	7.6131e-006	67.0142   	
9         	7         	1         	0.00010356	47.9139   	
9         	8         	1         	0.0028004 	27.897    	
10        	11        	1         	0.0023008 	28.8425   	
10        	12        	1         	8.61673e-005	48.963    	
10        	13        	1         	6.92808e-006	67.6248   	
10        	14        	1         	7.60887e-007	83.5395   	
10        	15        	1         	1.00309e-007	95.5858   	
10        	16        	1         	1.50992e-008	108.68    	
10        	1         	1         	1.14324e-008	116.024   	
10        	2         	1         	1.32154e-008	118.208   	
10        	3         	1         	1.94981e-008	116.448   	
10        	4         	1         	4.34402e-008	109.919   	
10        	5         	1         	1.46754e-007	98.7815   	
10        	6         	1         	9.22042e-007	83.8895   	
10        	7         	1         	7.81155e-006	66.6342   	
10        	8         	1         	0.000105364	47.768    	
10        	9         	1         	0.00303896	27.5863   	
11        	12        	1         	0.00229981	28.8261   	
11        	13        	1         	9.25535e-005	48.7953   	
11        	14        	1         	6.51572e-006	66.9022   	
11        	15        	1         	6.39912e-007	81.2681   	
11        	16        	1         	5.76962e-008	95.9115   	
11        	1         	1         	1.87787e-008	109.887   	
11        	2         	1         	1.4237e-008	115.971   	
11        	3         	1         	1.38864e-008	118.432   	
11        	4         	1         	1.94224e-008	116.703   	
11        	5         	1         	4.09481e-008	109.937   	
11        	6         	1         	1.64176e-007	98.5364   	
11        	7         	1         	9.03124e-007	83.8472   	
11        	8         	1         	7.62621e-006	66.7617   	
11        	9         	1         	0.000108629	47.646    	
11        	10        	1         	0.0030284 	27.5784   	
12        	13        	1         	0.00246728	28.686    	
12        	14        	1         	8.82467e-005	48.3149   	
12        	15        	1         	6.07642e-006	64.7939   	
12        	16        	1         	3.87418e-007	80.0253   	
12        	1         	1         	5.33717e-008	98.2454   	
12        	2         	1         	2.28879e-008	109.739   	
12        	3         	1         	1.50836e-008	115.866   	
12        	4         	1         	1.38537e-008	118.449   	
12        	5         	1         	1.83671e-008	116.474   	
12        	6         	1         	4.60366e-008	109.507   	
12        	7         	1         	1.62634e-007	98.339    	
12        	8         	1         	8.98851e-007	83.8147   	
12        	9         	1         	7.95822e-006	66.5349   	
12        	10        	1         	0.000109023	47.6067   	
12        	11        	1         	0.00302933	27.5385   	
13        	14        	1         	0.00248213	28.0711   	
13        	15        	1         	9.26123e-005	46.4635   	
13        	16        	1         	4.33089e-006	62.4528   	
13        	1         	1         	3.05056e-007	80.7994   	
13        	2         	1         	5.63593e-008	98.3753   	
13        	3         	1         	2.18406e-008	109.591   	
13        	4         	1         	1.33964e-008	115.934   	
13        	5         	1         	1.17338e-008	118.153   	
13        	6         	1         	1.87795e-008	115.909   	
13        	7         	1         	4.22187e-008	109.234   	
13        	8         	1         	1.51651e-007	98.3502   	
13        	9         	1         	8.72481e-007	83.8086   	
13        	10        	1         	7.41283e-006	66.7902   	
13        	11        	1         	0.000100955	47.8784   	
13        	12        	1         	0.00278011	27.7845   	
14        	15        	1         	0.00287753	27.2439   	
14        	16        	1         	8.23121e-005	44.6508   	
14        	1         	1         	3.84407e-006	62.2331   	
14        	2         	1         	3.36199e-007	80.294    	
14        	3         	1         	5.46465e-008	97.1988   	
14        	4         	1         	1.71635e-008	109.683   	
14        	5         	1         	9.26547e-009	116.327   	
14        	6         	1         	9.88845e-009	117.887   	
14        	7         	1         	1.51232e-008	115.181   	
14        	8         	1         	3.72052e-008	108.272   	
14        	9         	1         	1.45911e-007	97.3577   	
14        	10        	1         	8.36928e-007	83.2511   	
14        	11        	1         	7.24139e-006	66.5139   	
14        	12        	1         	9.87609e-005	47.866    	
14        	13        	1         	0.00281168	28.0189   	
15        	16        	1         	0.00292405	26.7566   	
15        	1         	1         	8.64468e-005	45.1653   	
15        	2         	1         	5.26846e-006	62.9107   	
15        	3         	1         	5.02015e-007	79.7603   	
15        	4         	1         	7.30303e-008	95.0458   	
15        	5         	1         	1.58895e-008	107.669   	
15        	6         	1         	7.14221e-009	115.951   	
15        	7         	1         	5.57395e-009	118.444   	
15        	8         	1         	8.53881e-009	115.091   	
15        	9         	1         	2.33909e-008	107.05    	
15        	10        	1         	9.90084e-008	95.5198   	
15        	11        	1         	6.32991e-007	81.15     	
15        	12        	1         	5.95921e-006	64.7058   	
15        	13        	1         	9.12683e-005	46.815    	
15        	14        	1         	0.00224537	28.1245   	
16        	1         	1         	0.00278168	27.662    	
16        	2         	1         	0.000100447	47.1328   	
16        	3         	1         	7.04074e-006	65.4557   	
16        	4         	1         	7.71694e-007	82.0917   	
16        	5         	1         	1.16909e-007	96.3704   	
16        	6         	1         	3.05859e-008	107.541   	
16        	7         	1         	1.10917e-008	115.042   	
16        	8         	1         	6.82567e-009	118.165   	
16        	9         	1         	7.46002e-009	116.334   	
16        	10        	1         	1.49677e-008	108.74    	
16        	11        	1         	5.70065e-008	95.8823   	
16        	12        	1         	3.77056e-007	79.9683   	
16        	13        	1         	4.27487e-006	62.7409   	
16        	14        	1         	6.70711e-005	45.2972   	
16        	15        	1         	0.00227127	27.7158   	
